P = [1 2 -1;-3 -5 0;4 6 1];
v1 = [-2;2;3];
v2 = [-8;5;2];
v3 = [-7;2;6];

% A
